{
  "numTest": 0,
  "genParameters": "",
  "isInteractive": false,
  "useGeneration": false,
  "printWrongAnswer": false,
  "knowGenAns": false,
  "url": "https://codeforces.com/contest/25/problem/C",
  "timeLimit": 2000,
  "tests": [
    {
      "output": "8070 7476 6062 5111 ",
      "input": "5\n0 954 1255 266 751\n954 0 1677 688 1173\n1255 1677 0 989 504\n266 688 989 0 485\n751 1173 504 485 0\n4\n5 2 837\n3 4 692\n3 1 151\n2 5 262",
      "index": 0,
      "active": true
    },
    {
      "output": "17 12 \n",
      "input": "3\n0 4 5\n4 0 9\n5 9 0\n2\n2 3 8\n1 2 1\n",
      "index": 1,
      "active": false
    },
    {
      "output": null,
      "input": "3\n0 983 173\n983 0 810\n173 810 0\n3\n3 2 567\n2 3 767\n1 2 763",
      "index": 2,
      "active": true
    },
    {
      "output": "8070 7476 7476 6062 5111 ",
      "input": "5\n0 954 1255 266 751\n954 0 1677 688 1173\n1255 1677 0 989 504\n266 688 989 0 485\n751 1173 504 485 0\n5\n5 2 837\n3 4 692\n3 5 756\n3 1 151\n2 5 262",
      "index": 3,
      "active": true
    },
    {
      "output": null,
      "input": "5\n0 3 3 6 6\n3 0 6 3 6\n3 6 0 6 3\n6 3 6 0 3\n6 6 3 3 0\n3\n2 4 2\n1 4 5\n4 2 1",
      "index": 4,
      "active": true
    }
  ],
  "name": "C. Roads in Berland",
  "truncateLongTest": false,
  "checkerParameters": "",
  "useLocalChecker": false,
  "group": "Codeforces - Codeforces Beta Round #25 (Div. 2 Only)"
}
